      0.00       7.15     186.92
   3600.00       7.49     192.82
   7200.00       7.96     198.03
  10800.00       8.24     203.33
  14400.00       8.91     208.57
  18000.00       9.69     210.79
  21600.00      10.09     210.59
  25200.00      10.29     210.61
  28800.00      10.20     209.83
  32400.00      10.26     209.25
  36000.00      10.74     209.04
  39600.00      11.03     204.15
  43200.00      10.76     199.61
  46800.00      10.26     196.27
  50400.00      10.26     191.46
  54000.00      10.15     187.72
  57600.00       9.93     184.77
  61200.00       9.39     180.76
  64800.00       8.55     173.11
  68400.00       7.90     169.79
  72000.00       7.51     167.97
  75600.00       7.25     168.36
  79200.00       7.04     165.81
  82800.00       6.78     168.83
  86400.00       6.99     178.25
