0.875435 13.1659 251.114 2.68225 21.9514 3600 1
0.909496 13.1292 251.203 2.71106 22.1417 3600 1
0.802303 14.8497 259.002 3.33514 37.515 3600 1
0.869525 14.4893 258.311 3.04059 32.5684 3600 1
0.950949 15.9315 261.311 3.07464 34.7665 3600 1
1.11626 15.5877 259.663 2.69405 31.3936 3600 1
1.24832 15.3719 258.318 2.43367 29.1868 3600 1
1.2915 15.2017 258.212 2.38952 29.7696 3600 1
1.32087 15.0475 258.13 2.34202 29.7059 3600 1
1.34716 14.901 258.004 2.27363 30.1131 3600 1
1.36391 14.7604 257.864 2.20969 30.4696 3600 1
1.37272 14.6115 257.669 2.14844 30.5493 3600 1
1.37759 14.463 257.518 2.09117 30.6293 3600 1
1.38105 14.269 257.456 2.02922 31.0148 3600 1
1.36103 14.108 257.462 2.07818 31.4824 3600 1
1.3752 13.9806 257.093 2.02888 31.1667 3600 1
1.36697 13.8793 257.134 2.03995 31.7088 3600 1
1.37587 13.7939 256.577 1.99534 31.2198 3600 1
1.54525 13.7111 251.695 1.6845 18.3843 3600 1
1.51994 13.6568 252.072 1.71864 18.8713 3600 1
1.49207 13.6108 252.472 1.7547 19.4602 3600 1
1.74552 13.5657 242.543 1.19823 7.53764 3600 1
1.69814 13.5257 243.694 1.2429 8.06533 3600 1
1.65535 13.4808 244.737 1.27681 8.75955 3600 1
1.71834 13.439 246.08 1.31954 9.75852 3600 1
