      0.00      -0.12
   3600.00      -0.10
   7200.00      -0.07
  10800.00      -0.04
  14400.00       0.00
  18000.00       0.05
  21600.00       0.09
  25200.00       0.14
  28800.00       0.17
  32400.00       0.20
  36000.00       0.21
  39600.00       0.21
  43200.00       0.19
  46800.00       0.14
  50400.00       0.09
  54000.00       0.03
  57600.00      -0.04
  61200.00      -0.10
  64800.00      -0.16
  68400.00      -0.19
  72000.00      -0.22
  75600.00      -0.22
  79200.00      -0.21
  82800.00      -0.19
  86400.00      -0.17
